6.04566 0.0230122  -5.92225 0.0416954
7.06213 0.0232428 -5.92263 0.042406
8.06237 0.0234359  -5.92271 0.0429672
9.05544 0.0231991  -5.92255 0.0432581
10.104 0.0230506  -5.92267 0.0431541
11.0681 0.0228576  -5.92258 0.0431632
12.0718 0.0226923  -5.92258 0.0428706
13.0744 0.0227658  -5.92244 0.0430618
14.1251 0.0227153  -5.92249 0.0433274
15.1047 0.0225114  -5.92235 0.0433144
16.0755 0.0224067  -5.92225 0.0434442
17.0923 0.0224504  -5.92209 0.0433401
18.1129 0.0224374  -5.92187 0.0433652
19.0776 0.0224282  -5.92178 0.0432438
20.108 0.0222805  -5.92142 0.0431961
21.0755 0.0221661  -5.92142 0.0433776
22.1156 0.0220211 -5.92122 0.043516
23.1231 0.0218761   -5.9213 0.0435636
24.1109 0.0216847  -5.92123 0.0433377
25.0741 0.0214411  -5.92107 0.0431196
26.1071 0.0211037  -5.92078 0.0427504
27.0785 0.0207524  -5.92083 0.0426638
28.0751 0.0204099  -5.92102 0.0423571
29.1248 0.0205239  -5.92141 0.0425041
30.1072 0.0202927  -5.92157 0.0423405
31.1261 0.0203824  -5.92155 0.0419449
32.0933 0.0205431  -5.92169 0.0420297
33.1286 0.0207043   -5.9216 0.0415809
34.1088 0.0206152  -5.92153 0.0415984
35.1233 0.0208553  -5.92163 0.0415496
36.0788 0.0207817   -5.9216 0.0410944
37.1112 0.0204745  -5.92139 0.0407106
38.0907 0.0205788  -5.92121 0.0405603
39.1127 0.0202012  -5.92073 0.0397373
40.0794  0.020676  -5.92091 0.0398688
41.0885 0.0209538  -5.92091 0.0398111
42.1226 0.0210469  -5.92077 0.0393848
43.1096 0.0211674  -5.92081 0.0396381
44.0889 0.0214056  -5.92069 0.0397758
45.1094 0.0213209  -5.92067 0.0395347
46.0712 0.0213158  -5.92067 0.0397262
47.1299 0.0215431  -5.92079 0.0394554
48.1817 0.0213451  -5.92064 0.0391402
49.1688 0.0212983  -5.92049 0.0391675
50.107 0.0207803  -5.92003 0.0386078
51.126 0.0201568  -5.91968 0.0382479
52.0571 0.0196634  -5.91945 0.0380831
53.1068 0.0192971  -5.91919 0.0377756
54.0862 0.0193477  -5.91944 0.0376897
55.0946 0.0192472  -5.91934 0.0377445
56.1142 0.0191688  -5.91941 0.0374435
57.0931 0.0188834  -5.91895 0.0368592
58.1133 0.0187499  -5.91867 0.0368072
59.0879 0.0190265  -5.91872 0.0369969
60.0935 0.0191112  -5.91868 0.0368347
61.0552   0.01909  -5.91885 0.0367032
62.0861 0.0192731  -5.91901 0.0369927
63.1091 0.0194041  -5.91918 0.0372535
64.1069 0.0193074  -5.91904 0.0376533
65.0694 0.0193875  -5.91899 0.0378479
66.1014 0.0197007  -5.91921 0.0385002
67.1036 0.0198232  -5.91959 0.0394005
68.1466  0.019941  -5.92021 0.0399392
69.1033 0.0199632 -5.92059 0.040385
70.107 0.0198162 -5.92077  0.04079
71.0858 0.0200159   -5.9207 0.0412554
72.1085 0.0197682  -5.92071 0.0408537
73.1222 0.0196926  -5.92077 0.0409765
74.119 0.0199304  -5.92083 0.0407218
75.0681 0.0200032  -5.92096 0.0403471
76.0717 0.0196913 -5.92059 0.039245
77.0679 0.0198514  -5.92039 0.0391119
78.0682 0.0200953  -5.92012 0.0393399
79.0787 0.0200957   -5.9198 0.0386946
80.1209 0.0206836  -5.91982 0.0387356
81.0993 0.0210587  -5.92006 0.0387918
82.1206 0.0214369  -5.92005 0.0390383
83.0879 0.0218699  -5.92033 0.0391751
84.0823 0.0218679  -5.92051 0.0388821
85.1041 0.0220884  -5.92055 0.0392399
86.0687 0.0224201  -5.92087 0.0401369
87.0827  0.022494  -5.92108 0.0401809
88.0844  0.022558  -5.92131 0.0398349
89.0663 0.0225362  -5.92153 0.0399335
90.08 0.0222421  -5.92191 0.0396959
91.0519 0.0220214  -5.92186 0.0393976
92.1099 0.0220698  -5.92176 0.0385071
93.0832 0.0219098  -5.92138 0.0380979
94.1027 0.0217333   -5.921 0.037797
95.083 0.0216505  -5.92079 0.0372781
96.0796 0.0216412  -5.92066 0.0368758
97.0722 0.0216521  -5.92048 0.0364369
98.0991 0.0213373 -5.92015 0.035939
99.0974 0.0212606   -5.9198 0.0352678
100.138 0.0212691  -5.91933 0.0351956
101.117 0.0212433  -5.91909 0.0348068
102.064 0.0211085  -5.91914 0.0353123
103.08 0.0206745 -5.91891 0.034315
104.054 0.0206258  -5.91907 0.0342529
105.079 0.0204265  -5.91898 0.0333828
106.08 0.0197968  -5.91869 0.0325207
107.082 0.0193654  -5.91861 0.0314767
108.078 0.0191575  -5.91868 0.0305602
109.084 0.0189163  -5.91883 0.0301237
110.105  0.018523  -5.91887 0.0292037
111.078 0.0181621  -5.91895 0.0286018
112.101 0.0175756  -5.91885 0.0277588
113.065 0.0175462  -5.91896 0.0276788
114.096 0.0172225  -5.91905 0.0271222
115.084 0.0169678  -5.91921 0.0270594
116.097 0.0171486  -5.91946 0.0269966
117.061 0.0170825  -5.9195 0.027525
118.082 0.0168826   -5.9194 0.0276502
119.078  0.016816  -5.91936 0.0277451
120.125 0.0168952 -5.91955 0.027773
121.113 0.0169712  -5.91983 0.0275935
122.102 0.0171479 -5.91997 0.026382
123.115 0.0172956  -5.91993 0.0261814
124.077 0.0174635  -5.91981 0.0264537
125.15 0.0178284   -5.9199 0.0269162
126.076 0.0181497  -5.91995 0.0267644
127.059  0.018496  -5.91998 0.0257894
128.398 0.0190184  -5.92001 0.0261089
129.129 0.0194587  -5.92032 0.0270463
130.403 0.0196198  -5.92025 0.0274605
131.366 0.0201064  -5.92004 0.0285228
132.163 0.0204596  -5.92014 0.0299331
133.112 0.0204564   -5.9204 0.0302458
134.099 0.0204852  -5.92029 0.0300708
135.37 0.0203327  -5.92019 0.0298841
136.098 0.0202099  -5.92018 0.0301913
137.05 0.0202243  -5.92032 0.0312086
138.096 0.0198549  -5.92042 0.0306426
139.059 0.0193161  -5.92024 0.0295783
140.134 0.0194029 -5.92007 0.029071
141.099 0.0192505  -5.92012 0.0291511
142.098 0.0193099  -5.92016 0.0292497
143.084 0.0195322  -5.92008 0.0292964
144.076 0.0198216   -5.9203 0.0293441
145.076 0.0202855  -5.92053 0.0299273
146.061 0.0202742   -5.9204 0.0299226
147.076 0.0207583   -5.9205 0.0301403
148.111 0.0212321 -5.92068 0.030443
149.118 0.0219953  -5.92116 0.0315861
150.199 0.0223227   -5.9213 0.0317007
151.098 0.0224949  -5.92139 0.0316881
152.074 0.0226324  -5.92122 0.0324226
153.098 0.0226314  -5.92114 0.0323895
154.091 0.0227332  -5.92125 0.0329702
155.106 0.0225593  -5.92128 0.0328565
156.08 0.0227061  -5.92152 0.0338609
157.078 0.0222286  -5.9214 0.034207
158.119  0.022187  -5.92154 0.0351692
159.11  0.022033  -5.92126 0.0348665
160.145 0.0217765  -5.92131 0.0356607
161.093 0.0216216  -5.92115 0.0356758
162.064 0.0217052  -5.92151 0.0354738
163.063 0.0215644   -5.9217 0.0357431
164.06 0.0213683  -5.92177 0.0357231
165.039  0.020863  -5.92161 0.0356041
166.098 0.0206594  -5.92146 0.0353755
167.076 0.0206529  -5.92152 0.0354932
168.077 0.0204535  -5.92124 0.0352796
169.088 0.0201417  -5.92114 0.0352988
170.115 0.0199993  -5.92104 0.0350413
171.08 0.0198439  -5.92114 0.0348308
172.072 0.0196157  -5.92089 0.0351808
173.078  0.019769  -5.92097 0.0361711
174.073 0.0196825  -5.92053 0.0363562
175.077 0.0198391  -5.92044 0.0369201
176.073 0.0199682  -5.92042 0.0372568
177.094 0.0200475  -5.92032 0.0375465
178.053 0.0201948  -5.92038 0.0379944
179.095 0.0203469   -5.9203 0.0385407
180.098 0.0203486  -5.92025 0.0388165
181.07 0.0202522   -5.9199 0.0389941
182.095 0.0198996  -5.91968 0.0385968
183.087 0.0196666  -5.91938 0.0384767
184.075 0.0195311  -5.91916 0.0383172
185.093 0.0194874  -5.91901 0.0383634
186.071 0.0193226   -5.9188 0.0380837
187.061 0.0190382  -5.91868 0.0380878
188.065 0.0186518  -5.91859 0.0378203
189.094 0.0184942  -5.91825 0.0371041
190.067 0.0183179  -5.91814 0.0368375
191.105 0.0184798  -5.91824 0.0367641
192.086 0.0182957  -5.91825 0.0367223
193.084 0.0182458  -5.9182 0.035778
194.105 0.0181269  -5.91829 0.0356692
195.052 0.0180601  -5.91809 0.0354172
196.049 0.0180263  -5.91797 0.0354113
197.033 0.0175894  -5.91765 0.0350123
198.088 0.0173454  -5.91718 0.0342909
199.085 0.0169216  -5.91716 0.0339891
200.051 0.0169157  -5.91696 0.0341664
201.108 0.0165241  -5.91666 0.0334796
202.084 0.0165321  -5.91633 0.0332607
203.064 0.0165308  -5.91599 0.0337016
204.051 0.0163724  -5.91593 0.0335002
205.048 0.0159774  -5.91601 0.0329624
206.056 0.0170682  -5.91621 0.0346186
207.104 0.0173852  -5.91646 0.0343679
208.072 0.0176475  -5.91673 0.0347002
209.069 0.0179104 -5.91694 0.035223
210.069 0.0182545  -5.91725 0.0352417
211.09 0.0185963  -5.91778 0.0358698
212.067 0.0189198  -5.91834 0.0360488
213.05 0.0188816  -5.91873 0.0357916
214.056  0.019063  -5.91901 0.0356519
215.081  0.019088  -5.91919 0.0354548
216.052 0.0193573   -5.9193 0.0353655
217.057 0.0196512  -5.91952 0.0359002
218.054 0.0192897  -5.91934 0.0354762
219.068 0.0189935  -5.91911 0.0346603
220.084  0.018756  -5.91914 0.0347006
221.047 0.0186102  -5.91924 0.0343438
222.103 0.0182332  -5.91915 0.0341496
223.089 0.0181602  -5.91921 0.0337179
224.072 0.0178843  -5.91919 0.0333142
225.062 0.0178105  -5.91915 0.0328518
226.104 0.0191523   -5.9189 0.0346586
227.115  0.018952  -5.91892 0.0342334
228.081 0.0190163 -5.91911  0.03427
229.079 0.0191099   -5.9191 0.0339965
230.11 0.0189991 -5.91881 0.032937
231.113 0.0187802  -5.91866 0.0328678
232.054 0.0189156 -5.91859 0.032517
233.042 0.0186956   -5.9187 0.0323247
234.064   0.01895  -5.91884 0.0327121
235.111 0.0186778  -5.91884 0.0323041
236.091 0.0184566  -5.91889 0.0317368
237.113 0.0183786  -5.91882 0.0317495
238.077 0.0183283  -5.91895 0.0315926
239.059 0.0181447  -5.91912 0.0318979
240.064 0.0179933  -5.91935 0.0324902
241.061 0.0176487  -5.91959 0.0324587
242.06 0.0173262  -5.91962 0.0324951
243.089 0.0175202  -5.91975 0.0332955
244.076 0.0177591  -5.91992 0.0341217
245.057  0.018327  -5.92027 0.0353333
246.053 0.0186417 -5.92049 0.036476
247.058 0.0187473  -5.92053 0.0368819
248.057 0.0189431 -5.92046 0.037326
249.042 0.019744 -5.92034 0.038358
250.078 0.0202875  -5.92003 0.0390305
251.058 0.0206484  -5.91953 0.0390776
252.071 0.0209994  -5.91938 0.0393828
253.043 0.0210923  -5.91916 0.0388519
254.041 0.0209092  -5.91901 0.0384927
255.084 0.0204788   -5.9188 0.0383268
256.077 0.0203734 -5.91866 0.038887
257.059 0.0199976 -5.91843 0.038312
258.079 0.0194257  -5.91854 0.0375739
259.149 0.0186107 -5.91844 0.037238
260.062  0.017847  -5.91863 0.0364616
261.066 0.0176373  -5.91861 0.0366549
262.091 0.0173371  -5.91849 0.0368573
263.047 0.0170749  -5.91818 0.0371216
264.055  0.016675   -5.9178 0.0368924
265.048 0.0163872  -5.91754 0.0364614
266.039 0.0159644  -5.91733 0.0351941
267.04 0.0160858  -5.91734 0.0349604
268.076 0.0161512  -5.91713 0.0351922
269.047 0.0165007  -5.91719 0.0349625
270.038 0.0169686  -5.91749 0.0358333
271.091 0.0173832  -5.91794 0.0365609
272.104 0.0181574  -5.91825 0.0370676
273.237 0.0184012  -5.91874 0.0374314
274.196 0.0188205 -5.91913 0.037579
275.128 0.0195869  -5.91949 0.0387736
276.111 0.0201865  -5.91967 0.0400526
277.047 0.0203981  -5.92001 0.0408883
278.16 0.0209398  -5.92036 0.0415863
279.061 0.0208096   -5.9207 0.0414348
280.04 0.0205983  -5.92049 0.0404169
281.06 0.0205354  -5.92019 0.0398061
282.057 0.0202237  -5.92021 0.0395612
283.073 0.0200806  -5.9201 0.039085
284.062 0.0201349  -5.92017 0.0389667
285.093 0.0195152  -5.91986 0.0379492
286.056 0.0195833   -5.9198 0.0372254
287.076 0.0194706  -5.91958 0.0367369
288.059 0.0191355   -5.9194 0.0359707
289.039 0.0190623  -5.91915 0.0361402
290.053 0.0193357 -5.91927 0.036876
291.026 0.0193316  -5.91941 0.0367819
292.056 0.0192851  -5.91928 0.0363634
293.069 0.0192864  -5.91904 0.0362914
294.069 0.0192368   -5.9188 0.0365744
295.112 0.0196304  -5.91882 0.0364821
296.126 0.0195464  -5.91889 0.0368785
297.035 0.0194938  -5.91894 0.0368463
298.071 0.0193735  -5.91879 0.0363203
299.085 0.0193395   -5.9186 0.0361495
300.083 0.0191813  -5.91859 0.0357048
301.079 0.0189216  -5.91829 0.0351359
302.051 0.0184945  -5.91797 0.0343118
303.033 0.0183242  -5.91797 0.0343427
304.088 0.0181008  -5.91764 0.0338654
305.095 0.0180385   -5.9173 0.0342368
306.057 0.0176756  -5.91671 0.0337127
307.087 0.0179135  -5.91641 0.0340984
308.051 0.0181847 -5.91639 0.034954
309.067 0.0189141  -5.91668 0.0362407
310.07 0.0191406  -5.91655 0.0367807
311.085 0.0195071  -5.91665 0.0376896
312.089 0.0202017 -5.91706 0.039458
313.036 0.0205066   -5.9171 0.0394347
314.035 0.0212519  -5.91754 0.0404088
315.038 0.0213794  -5.91797 0.0407743
316.087 0.0218757 -5.91859 0.041543
317.034 0.0219681  -5.91886 0.0422001
318.03 0.0220718  -5.91902 0.0427082
319.035 0.0216966  -5.91897 0.0422777
320.041 0.0214414  -5.91891 0.0418248
321.062 0.0214482  -5.91912 0.0419926
322.07 0.021186 -5.91908 0.040983
323.066 0.0211968  -5.91922 0.0413002
324.048 0.0207735  -5.91912 0.0406234
325.053 0.0206217  -5.91901 0.0401643
326.074 0.0204314  -5.91874 0.0397226
327.064  0.020209  -5.91869 0.0390745
328.053  0.020032  -5.91847 0.0382718
329.051 0.0197967  -5.91827 0.0376244
330.085  0.019737  -5.91854 0.0373036
331.074 0.0196958  -5.91851 0.0375952
332.038 0.0195236  -5.91856 0.0376261
333.055 0.0193465  -5.91871 0.0375371
334.061 0.0191401  -5.91868 0.0370209
335.048 0.019034 -5.91884 0.036854
336.044 0.0189841    -5.919 0.0373168
337.051   0.01852  -5.91897 0.0366294
338.016  0.018238  -5.91929 0.0366293
339.064 0.0180318  -5.91941 0.0360752
340.084 0.0183395 -5.91931 0.036723
341.03 0.0180357  -5.91931 0.0354248
342.027 0.0181152  -5.9193 0.035309
343.062 0.0179805  -5.91902 0.0345329
344.072 0.0179697  -5.91897 0.0346852
345.028 0.0180619  -5.91872 0.0347954
346.043 0.0179641  -5.91848 0.0342005
347.038 0.0182064  -5.91845 0.0346822
348.068 0.0183352  -5.91859 0.0346694
349.068 0.0187497  -5.91875 0.0355238
350.071 0.0183823  -5.91889 0.0353425
351.068 0.0188574  -5.91934 0.0371224
352.052 0.0193574 -5.91988 0.038665
353.03 0.0197459  -5.92049 0.0400018
354.032 0.0200344 -5.92103  0.04085
355.064 0.0200711  -5.92148 0.0410738
356.064 0.0202891  -5.92227 0.0414422
357.093 0.0204804  -5.92274 0.0409442
358.033  0.020717  -5.92298 0.0409056
359.031 0.020674 -5.92343 0.040018
360.025 0.0208461  -5.92388 0.0393408
361.071 0.0204723 -5.92382 0.038004
362.111 0.0199534 -5.92376 0.036223
363.026 0.0197517  -5.92368 0.0353695
364.058 0.0196972  -5.92381 0.0344706
365.068 0.0198469  -5.92388 0.0342308
366.026 0.0196076  -5.92378 0.0333675
367.048 0.0196553  -5.92373 0.0336172
368.087 0.0196002  -5.92377 0.0334765
369.063 0.0196163  -5.92386 0.0340827
370.048  0.019653   -5.9237 0.0342579
371.029 0.0197172 -5.92371 0.034017
372.023 0.0196674  -5.92369 0.0339163
373.055 0.0195719  -5.92369 0.0336943
374.068 0.0193297  -5.92346 0.0337442
375.041 0.0190936  -5.92335 0.0329674
376.331 0.0189936 -5.92333 0.033249
377.06 0.0188498   -5.9232 0.0327539
378.076 0.0187173 -5.92288 0.032343
379.061 0.0184099  -5.92252 0.0320968
380.046 0.0181876 -5.92211 0.031892
381.038 0.0180817  -5.92194 0.0321687
382.031 0.0179679  -5.92176 0.0321052
383.051 0.0177446  -5.92161 0.0317036
384.058 0.0174684  -5.92128 0.0311909
385.113 0.0172994  -5.92134 0.0315156
386.049 0.0172076  -5.92093 0.0310548
387.06 0.0170386  -5.92068 0.0309183
388.09 0.0168971  -5.92059 0.0308472
389.053 0.0169695  -5.92037 0.0302339
390.023 0.0170565  -5.92062 0.0304496
391.037 0.0168342 -5.92068 0.030279
392.026 0.0166232 -5.92059 0.030186
393.056 0.0167353  -5.92041 0.0309046
394.07 0.0166987  -5.92053 0.0313278
395.042 0.0167851  -5.92064 0.0315409
396.041 0.0168788  -5.9209 0.032042
397.038 0.0167197  -5.92098 0.0324701
398.067 0.0168504   -5.9208 0.0328354
399.059 0.0166924 -5.92084 0.033277
400.054 0.0164834  -5.92065 0.0334792
401.066 0.0165628  -5.92044 0.0338357
402.061 0.0165757  -5.92021 0.0340065
403.061 0.0166414  -5.91999 0.0343569
404.061 0.0168039  -5.91952 0.0347884
405.038 0.0165311  -5.91893 0.0350434
406.036  0.016575  -5.91857 0.0351554
407.058 0.0167501  -5.9183 0.035238
408.024  0.016839  -5.91854 0.0354814
409.069 0.0170013 -5.91839 0.035699
410.036 0.0171891  -5.91815 0.0360267
411.054 0.0173538  -5.91792 0.0362877
412.058 0.0173333  -5.91794 0.0366695
413.059 0.0171067  -5.91789 0.0364427
414.036 0.0172904  -5.91795 0.0370382
415.341 0.0177175 -5.91765 0.037516
416.314 0.0178685  -5.91724 0.0379302
417.331 0.0178926  -5.91708 0.0385227
418.327 0.0178096   -5.9166 0.0389064
419.333  0.017889  -5.91643 0.0392885
420.268 0.0180863 -5.91646 0.039178
421.333 0.0182597  -5.91652 0.0392162
422.126 0.0184965  -5.91648 0.0399276
423.037 0.0186891  -5.91646 0.0402673
424.05 0.0188806  -5.91667 0.0400015
425.09 0.0186732 -5.91721 0.039211
426.036 0.0185336  -5.91781 0.0388758
427.009 0.0185659 -5.91809 0.038422
428.329 0.0187782  -5.91853 0.0382853
429.255 0.0188445  -5.91893 0.0386346
430.091 0.0188212  -5.91914 0.0386479
431.038 0.0185745  -5.91921 0.0382654
432.054 0.0184227  -5.91922 0.0378898
433.057 0.0182204  -5.91946 0.0374756
434.046 0.0180364  -5.91935 0.0375675
435.003 0.0181757 -5.91924 0.037927
436.039 0.0181336  -5.91912 0.0380546
437.02 0.0179676  -5.91918 0.0382378
438.328 0.0176075  -5.91889 0.0380921
439.049 0.0175065  -5.91871 0.0377551
440.032  0.017413  -5.91846 0.0380617
441.067 0.0172334  -5.91856 0.0381273
442.048 0.0173723   -5.9188 0.0385473
443.08 0.0174065   -5.9187 0.0387639
444.034 0.0172986   -5.9191 0.0390173
445.03 0.0172369  -5.91925 0.0393254
446.012 0.0173044  -5.91936 0.0396705
447.038 0.0175556  -5.91941 0.0400009
448.021 0.0176004  -5.91954 0.0400587
449.03 0.0175414  -5.91967 0.0395473
450.038 0.0173451 -5.91984 0.039584
451.02 0.0175153  -5.91969 0.0397439
452.046 0.0173761  -5.91971 0.0393553
453.055   0.01749   -5.9198 0.0389583
454.104 0.0177279  -5.91969 0.0386651
455.045  0.017736  -5.91961 0.0382463
456.023 0.0175185 -5.91951 0.037512
457.053 0.0173193  -5.91947 0.0368835
458.058 0.0173918  -5.91957 0.0368057
459.034 0.0173505  -5.91931 0.0368573
460.045 0.0175919  -5.91934 0.0369133
461.102 0.0172913  -5.91937 0.0362933
462.049 0.0168885  -5.91914 0.0355262
463.037 0.0167984  -5.91909 0.0356408
464.011 0.0163479  -5.91893 0.0351154
465.065 0.0160447  -5.91891 0.0347101
466.03 0.0156803  -5.91896 0.0342418
467.026 0.0154139  -5.91897 0.0340579
468.032 0.0152126 -5.91883 0.033983
469.038   0.01516  -5.91895 0.0341488
470.041 0.0146785  -5.91881 0.0334794
471.063 0.0145841  -5.91878 0.0337188
472.035 0.0145501  -5.91851 0.0337743
473.035 0.0138776  -5.91834 0.0332983
474.032 0.0132712  -5.91786 0.0325516
475.012 0.0128154  -5.91752 0.0321871
476.01   0.01281  -5.91721 0.0324978
477.03 0.0127744  -5.91706 0.0327274
478.03 0.0124394  -5.91691 0.0322778
479.024 0.0122322 -5.91669 0.032056
480.043 0.0120484  -5.91652 0.0318869
481.053 0.0118338  -5.91633 0.0314738
482.009  0.011756  -5.91637 0.0312428
483.062 0.0120327  -5.91632 0.0315504
484.032 0.0122065  -5.91647 0.0319865
485.024 0.0124068  -5.91655 0.0321826
486.049 0.0124225  -5.91663 0.0324592
487.019 0.0121659  -5.91634 0.0321553
488.113 0.0121392 -5.91659 0.032265
489.05 0.0119632  -5.91665 0.0319121
490.05 0.0118687  -5.91671 0.0322533
491.016 0.0120637  -5.91702 0.0330095
492.013 0.0119526  -5.91716 0.0333332
493.01 0.0120296 -5.91714 0.033298
494.025 0.0121884  -5.91738 0.0336564
495.054  0.012403  -5.91747 0.0342345
496.176 0.0126275  -5.91761 0.0344127
497.161  0.013099  -5.91793 0.0349532
498.039 0.0134035  -5.91799 0.0351323
499.075 0.0137143  -5.91795 0.0353736
500.11 0.0140769  -5.91825 0.0351846
501.04 0.0142158    -5.918 0.0344851
502.026 0.0143728  -5.91801 0.0338822
503.013 0.0144001  -5.91808 0.0333767
504.019 0.0144572 -5.91814  0.03304
505.016 0.0142329  -5.91814 0.0322804
506.024 0.0145395  -5.91841 0.0325008
507.01 0.0146364   -5.9187 0.0324687
508.015 0.0147199  -5.91875 0.0328608
509.026 0.0148525  -5.91913 0.0333999
510.08 0.0153201  -5.91916 0.0336125
511.043 0.0153853  -5.91959 0.0338756
512.032 0.0158725  -5.91993 0.0346139
513.01 0.0163547  -5.92006 0.0353284
514.044 0.0167373  -5.92006 0.0354673
515.104 0.0176018  -5.92044 0.0368093
516.079 0.0177463  -5.92041 0.0365426
517.025 0.0179491  -5.92057 0.0367201
518.03 0.0183447 -5.92059 0.036626
519.061 0.0188517  -5.92046 0.0368376
520.109 0.0186344   -5.9204 0.0368542
521.094 0.0189804 -5.92022 0.037341
522.034 0.0191049  -5.91999 0.0372356
523.041  0.019091   -5.9198 0.0371877
524.292 0.0191548  -5.91973 0.0378031
525.033 0.0189382  -5.91934 0.0374569
526.013 0.0187969  -5.91892 0.0377374
527.038 0.0189436   -5.9186 0.0380568
528.302 0.0188315  -5.91847 0.0382792
529.046  0.018581  -5.91844 0.0381073
530.029 0.0186277  -5.91825 0.0383252
531.043 0.0185627  -5.91823 0.0385382
532.056 0.0187434  -5.91806 0.0388095
533.02 0.0191055  -5.91801 0.0393409
534.016 0.0192244  -5.91781 0.0391944
535.005 0.0193283  -5.91785 0.0396781
536.027 0.0192694  -5.91793 0.0400298
537.055 0.0191963   -5.9177 0.0405084
538.044 0.0193133  -5.91752 0.0410206
539.012  0.019356  -5.91732 0.0418327
540.056 0.0196278  -5.91743 0.0427355
541.12 0.0197764  -5.91725 0.0427965
542.003 0.0193977  -5.91722 0.0429889
543.018 0.0189877  -5.91748 0.0433885
544.022  0.018944  -5.91798 0.0446852
545.167 0.0190354   -5.9182 0.0455441
546.032 0.0193309  -5.91859 0.0468543
547.082 0.0190119 -5.91874 0.046736
548.023 0.0187115  -5.91858 0.0464281
549.033 0.0183837  -5.91851 0.0457823
550.021 0.0179374 -5.91837 0.044927
551.018 0.0174295  -5.91848 0.0447362
552.019 0.0176656  -5.91869 0.0452059
553 0.0176788  -5.91858 0.0449529
554.301  0.017471  -5.91817 0.0440589
555.058  0.017057  -5.91788 0.0428344
556.016 0.0168429 -5.91723  0.04124
557.069 0.0171784  -5.91703 0.0412947
558.039 0.0175773  -5.91731 0.0421804
559.061 0.0178508   -5.9173 0.0427134
560.018 0.0180458   -5.9171 0.0423882
561.301 0.0183388  -5.91697 0.0426092
562.014 0.0181934   -5.9168 0.0423244
562.984 0.0183895  -5.91652 0.0428457
563.982 0.0186268  -5.91643 0.0426152
565.175  0.018646  -5.91637 0.0423233
566 0.0186459  -5.91648 0.0426996
567.079  0.018311  -5.91646 0.0423067
568.303 0.0180473  -5.91624 0.0417896
569.09 0.0179092  -5.91645 0.0414714
570.029 0.0180482  -5.91679 0.0419757
571.02 0.0178284  -5.91687 0.0415524
572.086 0.0177639  -5.91673 0.0412385
573.003 0.0174764  -5.91696 0.0404953
574.084 0.0170389 -5.91695 0.039723
575.021 0.0170558   -5.9169 0.0393359
576.019 0.0169184  -5.91677 0.0381327
577.004   0.01689   -5.9169 0.0375269
578.022 0.0170921  -5.91685 0.0372162
579.031  0.017012  -5.91671 0.0366831
580.012 0.0166197  -5.91638 0.0364381
581.063 0.0168522  -5.91628 0.0368423
582.03 0.0168444  -5.91638 0.0371941
583.011 0.0169133  -5.91618 0.0373464
583.999 0.0171781  -5.91632 0.0383995
585.037 0.0173388  -5.91643 0.0392786
586.017 0.0174523  -5.91675 0.0406881
587.031 0.0179164  -5.91697 0.0416455
588.029 0.0181352  -5.91709 0.0423915
589.019 0.0183535  -5.91714 0.0429734
590.022 0.0185617  -5.91728 0.0434082
591.013 0.0187665  -5.91738 0.0433481
592.04 0.0190402  -5.91728 0.0435186
593.02 0.0192091  -5.91752 0.0431827
594.117 0.0194019   -5.9175 0.0427006
595.083 0.0195094  -5.91759 0.0425697
596.045 0.0196065  -5.91751 0.0417163
597.01 0.0196386  -5.91724 0.0412196
597.993 0.0195824  -5.91721 0.0404484
599.004 0.0197312  -5.91727 0.0402337
600.032 0.0199473  -5.91736 0.0400562
601.009 0.0199898 -5.91726 0.039907
602.064 0.0201124  -5.91729 0.0393339
603.061 0.0203315  -5.91716 0.0397987
604.026 0.0206505  -5.91714 0.0403642
604.996 0.0207961  -5.91705 0.0406789
606.018 0.0209912  -5.91695 0.0408941
607.009 0.0208947 -5.91692 0.040887
608.005 0.0209216  -5.91694 0.0413398
609.017 0.0210262  -5.91661 0.0412092
610.266 0.0208704  -5.91663 0.0410279
611.03 0.0210353  -5.91659 0.0412221
612.025  0.021239  -5.91678 0.0418676
613.006 0.0209874  -5.91676 0.0409603
614.028 0.0209228  -5.91688 0.0401518
615.027 0.0208171  -5.91695 0.0396075
616.018 0.0209054  -5.91718 0.0397289
617.007 0.0210455  -5.91749 0.0397984
617.993 0.0210412  -5.91767 0.0397514
619.023 0.0211994  -5.91825 0.0403349
620.028 0.0213215  -5.91831 0.0404324
621.016 0.0212761  -5.91855 0.0406264
622.02 0.0211703  -5.91867 0.0405642
623.012 0.0214704  -5.91923 0.0417288
624.296 0.0212088  -5.91934 0.0417839
625.022 0.0211287  -5.91957 0.0416999
626.028  0.02114 -5.91971 0.041998
627.025 0.0212131  -5.91963 0.0424603
628.022 0.0213939  -5.91991 0.0425183
629.028 0.0213467  -5.91989 0.0421523
630.007  0.021619   -5.9202 0.0423152
631.031 0.0217027  -5.92002 0.0420439
632.294 0.0217628   -5.9201 0.0422648
633.008 0.0217477  -5.91973 0.0415618
634.013 0.0221715 -5.91978 0.042282
634.998 0.0224599  -5.91968 0.0426291
636.007 0.0223957  -5.91972 0.0425826
637.038 0.0222241  -5.91973 0.0421174
638.01 0.0223559  -5.91928 0.0421387
639.023 0.0224859  -5.91913 0.0421134
640.004 0.0226437  -5.91905 0.0414364
641.093 0.0227062  -5.91923 0.0420442
642.007 0.0228168  -5.91929 0.0416182
643.02  0.023097  -5.91941 0.0421189
644.285 0.0229913  -5.91945 0.0418372
645.078 0.0230333  -5.91943 0.0417744
646.045 0.0232226 -5.91943 0.041803
646.992 0.0235586  -5.91973 0.0421839
647.994 0.0236316   -5.9203 0.0424226
649.12 0.0238016  -5.92085 0.0428798
650.025 0.0240505  -5.92102 0.0439173
651.013 0.0242006  -5.92117 0.0438536
652.003 0.0241839  -5.92116 0.0441197
653.009   0.02409  -5.92113 0.0441389
654.021 0.0244147  -5.92117 0.0440154
655.284 0.0242299   -5.9213 0.0436651
656.006 0.0242221  -5.92127 0.0433589
656.988  0.024109  -5.92127 0.0431624
658.282 0.0241253 -5.92104 0.042822
659.256  0.024196  -5.92071 0.0428576
659.996 0.0240755   -5.9206 0.0425671
661.025 0.0243321  -5.92057 0.0426956
662.058 0.0245164 -5.92056 0.042273
663.005 0.0246834  -5.92087 0.0421391
664.058 0.0247414  -5.92096 0.0428928
665.084 0.0253081  -5.92087 0.0441078
666.079 0.0255911  -5.92087 0.0442883
667.01 0.0258633  -5.92071 0.0441526
668.281 0.0262754  -5.92065 0.0447133
669.004 0.0266133  -5.92084 0.0445007
670.01 0.0267109  -5.92089 0.0441732
671.016 0.0266731 -5.92094 0.043972
672.036 0.0266227  -5.92099 0.0440792
673.019 0.0265706 -5.92085 0.043791
673.997 0.0265765  -5.92082 0.0441158
675.069   0.02636  -5.92087 0.0437318
676.008 0.0261818  -5.92087 0.0439648
677.017 0.0259378  -5.92089 0.0442997
678.025  0.025629  -5.92101 0.0440593
679.001 0.0253204  -5.92091 0.0444787
680.008 0.0252835  -5.92093 0.0447927
681.06 0.0252094   -5.921 0.044709
682.021 0.0252167  -5.92079 0.0445376
683.069 0.0251713  -5.92092 0.0450091
684.02 0.0248912  -5.92073 0.0437456
685.005 0.0246623 -5.92072 0.043047
686.013 0.0246614  -5.92087 0.0431384
686.997 0.0246526  -5.92107 0.0425533
688 0.0246125  -5.92108 0.0429322
688.995  0.024165  -5.92094 0.0424649
690.002 0.0236958   -5.9208 0.0422425
691.284 0.0236696  -5.92077 0.0430257
692.047 0.0236727  -5.92101 0.0448316
693.141 0.0235484  -5.92065 0.0459362
694.016 0.0235637  -5.92108 0.0477213
694.995 0.0235597  -5.92116 0.0491191
696.008 0.0233202  -5.92092 0.0495202
697.021 0.0234299  -5.92101 0.0512693
697.979 0.0232662  -5.92119 0.0520539
699.285 0.0233357   -5.9215 0.0529463
700.181 0.0235239  -5.92175 0.0538035
701.019 0.0236799  -5.92162 0.0540387
702 0.0235954  -5.92159 0.0531817
703.016 0.0236982  -5.92181 0.0523901
704.285 0.0232991  -5.92155 0.0514554
705.018 0.0231618  -5.92165 0.0509709
706.014  0.023128  -5.92178 0.0507803
706.992 0.0228935  -5.92166 0.0504929
707.982 0.0224364  -5.92137 0.0500204
708.997 0.0223972 -5.92127 0.050022
710.276 0.0225489  -5.92139 0.0507841
711.027 0.0222013  -5.92159 0.0505024
712.014 0.0219604  -5.92158 0.0503691
713.017 0.0216581  -5.92169 0.0507425
714.288 0.0218786   -5.9217 0.0510829
715.035 0.0217151  -5.92173 0.0506128
716.026 0.0215233  -5.92186 0.0502381
716.998  0.021471  -5.92166 0.0492158
718.001 0.0218157  -5.92179 0.0485009
718.977 0.0217458  -5.92181 0.0477394
720.044 0.0213847  -5.92184 0.0459076
720.997 0.0215169    -5.922 0.0455683
721.972 0.0213763  -5.92219 0.0448618
722.982 0.0212991  -5.92215 0.0435839
724.014 0.0212725  -5.92236 0.0427172
724.975 0.0214348  -5.92252 0.0424262
726.03 0.0215944   -5.9227 0.0422182
726.996 0.0217119 -5.92332 0.042269
728.009 0.0219855  -5.92365 0.0425861
728.997 0.0220306 -5.92385 0.042664
729.979  0.022505  -5.92405 0.0441611
731.01 0.0222976  -5.92402 0.0439881
732.02 0.0225279  -5.92419 0.0445784
733.001  0.022698  -5.92436 0.0451235
733.999 0.0229537  -5.92445 0.0457732
734.996 0.0229421  -5.92454 0.0459922
736.042 0.0231264  -5.92461 0.0463888
736.981  0.023396  -5.92448 0.0473037
738.014 0.0234301  -5.92442 0.0471635
739.011 0.0236251  -5.92458 0.0468915
739.993 0.0236075 -5.92474 0.046225
740.973  0.023795  -5.92502 0.0460707
742.01 0.0239382  -5.92478 0.0455095
743.205 0.0240076  -5.92479 0.0450129
743.973 0.0240995  -5.92479 0.0442507
744.994 0.0245566  -5.92492 0.0439641
746.031 0.0246516  -5.92492 0.0431899
747.005 0.0244213  -5.92464 0.0419646
748.034 0.0242617  -5.92453 0.0413441
748.999 0.0243201  -5.92416 0.0413224
749.997 0.0242978  -5.92406 0.0408884
750.995 0.0243426 -5.92372 0.040586
752.007  0.024303  -5.92375 0.0406302
752.979 0.0242264  -5.92367 0.0404085
754.009 0.0242016 -5.92379 0.040927
754.99 0.0239544 -5.92353 0.041079
756.044 0.0238778  -5.92369 0.0416303
756.993 0.0238082  -5.92412 0.0421049
758.072 0.0238089  -5.92424 0.0423526
759.069  0.023566  -5.92453 0.0427807
760 0.0235924  -5.92455 0.0428612
760.98 0.0235049   -5.9247 0.0433032
762.017   0.02369  -5.92491 0.0441516
763.01 0.0236376  -5.92496 0.0443136
763.99 0.0232451  -5.92488 0.0441003
764.979 0.0230501  -5.92522 0.0440276
766.093 0.0229522  -5.92517 0.0439539
766.988 0.0228209  -5.92474 0.0434344
768.225 0.0227685  -5.92462 0.0434762
769.05 0.0228652 -5.92471 0.043288
770.006 0.0224091  -5.92466 0.0427602
771.001 0.0224543  -5.92476 0.0424139
771.997 0.0224243  -5.92446 0.0417638
773.27 0.0226432  -5.92445 0.0423429
774.276 0.0228258  -5.92443 0.0424916
775.278 0.0229286  -5.92421 0.0428707
776.038 0.0229779  -5.92403 0.0432114
777.275 0.0229823  -5.92425 0.0436851
778.023 0.0227192  -5.92424 0.0433573
779.004 0.0224364    -5.924 0.0431286
779.985 0.0223936  -5.92361 0.0435827
781.105 0.0223913  -5.92333 0.0437787
781.993 0.0220242  -5.92317 0.0432822
782.968 0.0218456 -5.92268 0.042859
783.99 0.0212435  -5.92191 0.0414282
784.984 0.0207681  -5.92159 0.0409983
786.271 0.0206915 -5.92161 0.040797
787.094 0.0205149   -5.9213 0.0396023
788.276 0.0207111  -5.92145 0.0394064
789.101 0.0208671  -5.92138 0.0391905
790.048 0.0209762  -5.92158 0.0391534
791.264 0.0207471  -5.92166 0.0389947
792.254  0.020635  -5.92203 0.0390944
793.273 0.0206213   -5.9226 0.0393244
794.034 0.0212651  -5.92347 0.0408756
795.024 0.0216612  -5.92369 0.0409728
795.981 0.0215063  -5.92361 0.0405364
796.991 0.0214736 -5.92378 0.041211
797.981 0.0212507  -5.92378 0.0417068
799.265 0.0209641  -5.92379 0.0412533
800.045 0.020855 -5.92392 0.040503
801.268 0.0211268  -5.92419 0.0405688
801.997 0.0211548  -5.92435 0.0402001
802.991 0.0211739  -5.92463 0.0398707
803.993 0.0211133  -5.92466 0.0398188
805.027 0.0213429  -5.92514 0.0397997
805.984 0.0210741  -5.92541 0.0393364
807.016 0.0212685  -5.92548 0.0393116
807.985  0.021654  -5.92564 0.0394759
808.968 0.021917 -5.92596 0.039948
809.998 0.0219939  -5.92618 0.0401595
810.997 0.0219431  -5.92616 0.0402272
811.985 0.0223163  -5.92637 0.0410818
812.997 0.0225256  -5.92663 0.0415028
814.031 0.0226424   -5.9268 0.0412442
815.001  0.022561  -5.92658 0.0411996
816.003 0.0229553   -5.9266 0.0415144
817.003 0.0231172  -5.92663 0.0415542
818.011 0.0229466  -5.92652 0.0416634
819.271 0.0230573  -5.92621 0.0414324
820.009 0.0231235  -5.92613 0.0413218
821.117 0.0229574  -5.92604 0.0411633
821.987 0.0229122  -5.92579 0.0409327
822.983 0.0228135   -5.9256 0.0407962
824.186 0.0230218  -5.92537 0.0409346
824.98 0.0224085  -5.92516 0.0400556
826.099 0.0221846  -5.92468 0.0398548
827.064 0.0219939 -5.92431   0.0396
828.01 0.0226271  -5.92469 0.0400422
828.988 0.0223322  -5.92472 0.0399997
829.98 0.0227026  -5.92472 0.0407754
831.977 0.0228218  -5.92464 0.0402762
833.131 0.0226587  -5.92424 0.0401488
834.273 0.0221283  -5.92401 0.0393442
835.026 0.0223293  -5.92404 0.0398784
836.106 0.0222649  -5.92396 0.0402065
836.974 0.0217253  -5.92367 0.0396079
838.009 0.0211686  -5.92351 0.0387854
839.051 0.0214738  -5.92321 0.0392058
840.039 0.0208983  -5.92309 0.0385874
840.976 0.0208052 -5.92306 0.039009
841.982 0.0209886  -5.92336 0.0396902
843.004 0.0214963  -5.92393 0.0405701
843.987 0.0215458  -5.92403 0.0415391
844.981 0.0216927  -5.92414 0.0422814
846.053 0.0215816  -5.92439 0.0426249
847.026 0.0217926  -5.92471 0.0436327
848.004  0.021852   -5.9247 0.0446861
848.984  0.021408  -5.92516 0.0446547
850.016 0.0213847 -5.92537 0.045254
851.004 0.021295 -5.92526 0.045664
851.978 0.0211092  -5.92506 0.0457837
852.998 0.0204536   -5.9244 0.0449341
854.004 0.0203752   -5.9243 0.0448077
854.985  0.019995  -5.92394 0.0443155
856.003  0.019709  -5.92377 0.0441304
856.989 0.0195694  -5.92376 0.0439008
857.986 0.0195043  -5.92358 0.0434809
858.966  0.019526  -5.92324 0.0435961
860.013 0.0196678  -5.92292 0.0435213
860.998  0.019518  -5.92282 0.0426775
861.995   0.01919  -5.92259 0.0421078
863.004 0.0188089   -5.9228 0.0415157
863.998 0.0184867  -5.92281 0.0410277
864.98 0.0182965   -5.9228 0.0407262
865.978 0.0183696  -5.92255 0.0399966
867.262 0.0184201  -5.92237 0.0398532
867.988 0.0182263  -5.92246 0.0400676
869.227 0.0183059  -5.92264 0.0401713
870.017  0.018265  -5.92272 0.0401622
871.002 0.0184738  -5.92259 0.0402025
872.268 0.0185995  -5.92283 0.0402489
873.083 0.0190477  -5.92268 0.0407186
874.255 0.0193226   -5.9227 0.0403774
875.165 0.0197739  -5.92288 0.0402621
875.958 0.0197948   -5.9231 0.0401006
877.245  0.019685  -5.92318 0.0395224
878.247 0.0199036  -5.92334 0.0388974
879.255 0.0200501   -5.9233 0.0387788
880.028 0.0204051  -5.92352 0.0388999
881.018 0.0204725  -5.92381 0.0393308
881.948 0.0205658  -5.92391 0.0398588
882.971 0.0205005  -5.92428 0.0408061
884.111 0.0206343  -5.92418 0.0415614
884.983 0.0206335  -5.92425 0.0419974
886.255 0.0210191  -5.92437 0.0431451
887.264 0.0213002  -5.92424 0.0438106
888.254 0.0211522  -5.92438 0.0434132
889.26 0.0214791  -5.92448 0.0434378
890.228 0.0213792  -5.92428 0.0429486
890.975 0.0213988  -5.92406 0.0423118
892.022 0.0216532  -5.92402 0.0418044
892.967 0.0220487   -5.9239 0.0410368
894.226 0.0218565  -5.92401 0.0399703
894.995 0.0218285  -5.92395 0.0391567
895.986 0.0216353  -5.92388 0.0381026
897.042   0.02137  -5.92415 0.0373336
897.96 0.0214877  -5.92383 0.0374133
899.259 0.0212578  -5.92372 0.0368957
900.253 0.0211843  -5.92367 0.0365222
901.025 0.0211251  -5.92357 0.0369214
901.973 0.0210324  -5.92326 0.0366391
902.98 0.0207892  -5.92295 0.0365068
903.953 0.0208268   -5.9227 0.0369373
905.017 0.0207008  -5.92249 0.0373745
905.972  0.020764  -5.92224 0.0380209
906.977 0.0209575  -5.92198 0.0386598
908.006 0.0210121  -5.92199 0.0391984
909.021 0.0210235  -5.92181 0.0397459
909.993 0.0208919  -5.92159 0.0398176
910.974 0.0204033  -5.92174 0.0392794
911.972 0.0201453   -5.9218 0.0393576
912.975 0.0196239  -5.9218 0.039082
913.975 0.0195986  -5.92175 0.0394766
914.972 0.0195506  -5.92176 0.0396435
915.968 0.0190993  -5.92173 0.0385579
916.998 0.0186723  -5.92176 0.0377313
917.991 0.0183962   -5.9217 0.0372169
918.984 0.0181568  -5.92157 0.0370123
919.991 0.0183206  -5.92153 0.0377351
920.963 0.0180734   -5.9212 0.0375243
921.968 0.0180835  -5.92101 0.0375506
922.981 0.0182308  -5.92074 0.0372798
923.98  0.018032  -5.92059 0.0364741
924.993 0.0179886  -5.92023 0.0364529
925.971 0.0183119  -5.91986 0.0372653
926.987  0.018687  -5.91945 0.0379491
927.967 0.0189364   -5.9194 0.0385061
928.973 0.0190522   -5.9195 0.0390175
930.249 0.0190858  -5.91963 0.0389171
930.973 0.0197024  -5.91965 0.0399644
931.981   0.02021  -5.91941 0.0402629
932.977  0.02069  -5.9193 0.041617
933.995 0.0210424  -5.91911 0.0422588
934.946 0.0212208  -5.91893 0.0419791
936.265 0.0214018  -5.91913 0.0424709
936.965  0.021462  -5.91916 0.0425667
937.931 0.0215967  -5.91917 0.0425495
938.978 0.0216816  -5.91887 0.0414558
939.973 0.021755 -5.91855 0.041213
941.242 0.0219555  -5.91856 0.0414115
941.937 0.0220121  -5.91876 0.0417004
943.249 0.0219545  -5.91883 0.0409389
944.245 0.0221692  -5.91909 0.0410154
945.255 0.0220943  -5.91948 0.0403577
946.031 0.0220038  -5.91953 0.0387795
946.98 0.0236274 -5.91961 0.035871
947.961 0.0233504  -5.91968 0.0355943
948.966 0.0231012  -5.91976 0.0354493
949.963 0.0229032  -5.91996 0.0347379
950.955 0.0226945  -5.91983 0.0327265
952.246 0.0227172  -5.91976 0.0308397
952.968 0.0225429  -5.91967 0.0291071
954.068 0.0222952  -5.91945 0.0275301
955.195 0.0223801   -5.9193 0.0270323
956.003 0.0224795 -5.91928 0.026945
956.968  0.022162  -5.91935 0.0268238
957.971 0.0224494  -5.91917 0.0259992
959.045 0.0205862 -5.91908  0.02797
959.989 0.0207414  -5.91916 0.0276517
961.035 0.0205709  -5.91922 0.0284141
961.951  0.020425  -5.91917 0.0290283
963.096 0.0205951  -5.91956 0.0297624
963.969 0.0207452  -5.91998 0.0305041
965.247 0.0209016  -5.92017 0.0311331
965.965 0.0205085  -5.92055 0.0312979
966.964 0.0206189  -5.92081 0.0320244
967.943 0.0207944  -5.92115 0.0330853
968.966 0.0205343  -5.92119 0.0335665
969.964 0.0203857  -5.92128 0.0342315
970.993 0.0204297   -5.9216 0.0347638
972.008  0.020011  -5.92162 0.0347609
973.173 0.0198274  -5.92136 0.0350336
974.248 0.0196149 -5.92118 0.035326
974.973 0.0194238  -5.92107 0.0355958
976.244 0.0193244 -5.92062 0.035804
976.944 0.0189315  -5.92037 0.0357531
977.97 0.0181192  -5.92004 0.0347236
978.966 0.0181887  -5.92008 0.0350119
979.959 0.0181542  -5.91986 0.0350081
980.949 0.0180077   -5.9197 0.0344793
982.246 0.0183243  -5.92002 0.0353045
983.097 0.0183587  -5.9202 0.036034
984.049  0.018576  -5.92018 0.0358697
984.946 0.0187325 -5.92033 0.036256
986.109 0.0189888  -5.92076 0.0371427
986.931 0.0194893  -5.92085 0.0375799
988.011 0.0199761   -5.9211 0.0378735
989.237 0.0201783  -5.92114 0.0381475
990.24 0.0202132  -5.92125 0.0387003
991.252 0.0205284  -5.92119 0.0392581
992.248 0.0208764  -5.92107 0.0397265
993.235  0.021023  -5.92108 0.0396387
994.118 0.0206859 -5.92114 0.039778
994.998 0.0208535  -5.92104 0.0404631
995.932 0.0208386  -5.92094 0.0405971
996.982 0.0205346  -5.92061 0.0405709
997.987 0.0206878  -5.92045 0.0412276
998.973 0.0207626  -5.92027 0.0406094
1000.02 0.0207233  -5.92012 0.0404316
